Body_Parts_to_Mocap
7
LEFT_ARM
RIGHT_ARM
LEFT_LEG
RIGHT_LEG
TRUNK
HEAD
COHERENCE
Smoothening_Parameter
0
Marker_CS_Calibration
ROOT
0.992974 0.117295 0.0156138 0
0.118307 -0.986708 -0.111406 0
0.00233882 0.11247 -0.993652 0
-0.024551 0.0121314 0.12989 1
0 0.2622 0.270549 0.2622 0 0.282912 0.270549 0.282912 0
0.992974 0.117295 0.0156138 0
0.118071 -0.990864 -0.0651787 0
0.00782595 0.0665643 -0.997751 0
0.00404624 0.0114541 0.134222 1
0 0.2622 0.233075 0.2622 0 0.325301 0.233075 0.325301 0
0.992974 0.117295 0.0156138 0
0.118178 -0.989709 -0.080679 0
0.00598981 0.0819574 -0.996618 0
-0.0555734 0.00554406 0.134209 1
0 0.2622 0.311896 0.2622 0 0.233559 0.311896 0.233559 0
0.995123 0.0986456 0.000216371 0
-0.0984652 0.993165 0.062671 0
0.00596733 -0.0623867 0.998034 0
0.0209254 0.0196291 0.0586619 1
0 0.179735 0.233075 0.179735 0 0.311896 0.233075 0.311896 0
0.995123 0.0986456 0.000216371 0
-0.0983044 0.991493 0.0853116 0
0.00820108 -0.0849167 0.996354 0
-0.0658607 0.00937747 0.0572973 1
0 0.179735 0.325301 0.179735 0 0.233559 0.325301 0.233559 0
-0.969243 -0.205811 0.134946 0
0.199142 -0.97805 -0.0613314 0
0.144606 -0.0325717 0.988953 0
-0.094458 0.0100548 0.0529651 1
0 0.0960203 0.233559 0.0960203 0 0.282912 0.233559 0.282912 0
0.988449 -0.0234108 0.149738 0
-0.00388848 0.983755 0.179474 0
-0.151507 -0.177983 0.9723 0
-0.0348384 0.0159648 0.0529781 1
0 0.0867944 0.325301 0.0867944 0 0.282912 0.325301 0.282912 0
CHEST
0.987535 -0.123673 -0.0973606 0
-0.143825 -0.960312 -0.23899 0
-0.06394 0.250014 -0.966129 0
-0.0026363 -0.0735122 0.0670375 1
0 0.0902576 0.277358 0.0902576 0 0.26845 0.277358 0.26845 0
HEAD
0.929429 0.367678 -0.031226 0
-0.0117452 0.114057 0.993405 0
0.368815 -0.922932 0.110327 0
0.0538423 0.0585197 0.151847 1
0 0.204131 0.0654884 0.204131 0 0.192458 0.0654884 0.192458 0
L_WRIST
0.06168 0.988449 -0.138437 0
-0.978744 0.08708 0.185682 0
0.195592 0.124041 0.972809 0
-0.00210983 -0.0369499 -0.00625967 1
0 0.101712 0.111745 0.101712 0 0.0531413 0.111745 0.0531413 0
R_WRIST
0.10894 0.813728 -0.570945 0
0.979312 0.0106765 0.202075 0
0.17053 -0.581148 -0.795731 0
0.00472138 -0.0537907 0.0143737 1
0 0.136846 0.107684 0.136846 0 0.0607328 0.107684 0.0607328 0
L_ANKLE
-0.195359 0.184246 -0.963269 0
-0.231597 -0.963082 -0.137241 0
-0.952994 0.196279 0.230818 0
0.00868571 -0.0174952 0.0604861 1
0 0.153838 0.167794 0.153838 0 0.0567815 0.167794 0.0567815 0
R_ANKLE
0.054796 0.0546423 -0.997001 0
0.206788 -0.977475 -0.0422069 0
-0.97685 -0.203855 -0.0648611 0
-0.0319414 -0.0160505 0.0568472 1
0 0.17121 0.175568 0.17121 0 0.0497846 0.175568 0.0497846 0
LEFT_CLAVICLE
0.136993 0.055434 -0.0941702
1 0 0 0
0 1 0 0
0 0 1 0
0.0235334 0.00335968 0.126694 1
RIGHT_CLAVICLE
-0.147758 0.0864546 -0.091905
1 0 0 0
0 1 0 0
0 0 1 0
-0.0235334 0.00335968 0.126694 1

POSITIONAL_CONSTRAINTS
L_UPPER_ARM
0.00933305 -0.226863 -0.0426605
0.0426625 -0.177958 0.00459018
L_FORE_ARM
0.0202327 -0.243901 -0.0211103
R_UPPER_ARM
0.0154681 -0.25056 -0.0171838
-0.0410157 -0.173716 -0.0118029
R_FORE_ARM
-0.0109013 -0.252037 -0.00638176
R_UPPER_LEG
-0.0831433 -0.399139 0.021977
-0.0613942 -0.336674 0.0886289
R_LOWER_LEG
-0.00976491 -0.452705 -0.0729373
0.00999878 -0.402101 0.0212436
L_UPPER_LEG
0.0461828 -0.404831 0.051053
0.0486935 -0.315112 0.0777583
L_LOWER_LEG
0.00658338 -0.448269 -0.0619823
-0.0265832 -0.406587 0.0170026