Body_Parts_to_Mocap
7
LEFT_ARM
RIGHT_ARM
LEFT_LEG
RIGHT_LEG
TRUNK
HEAD
COHERENCE
Smoothening_Parameter
0
Marker_CS_Calibration
ROOT
0.997933 0.0386525 0.0513317 0
0.0371466 -0.99886 0.0299743 0
0.0524318 -0.0280056 -0.998232 0
-0.0110576 0.0448695 0.0839514 1
0 0.214094 0.26232 0.214094 0 0.245654 0.26232 0.245654 0
0.997933 0.0386525 0.0513317 0
0.0366319 -0.998538 0.039738 0
0.0527927 -0.0377755 -0.997891 0
0.0246111 0.0456043 0.0883767 1
0 0.214094 0.222769 0.214094 0 0.295318 0.222769 0.295318 0
0.997933 0.0386525 0.0513317 0
0.0387044 -0.999251 -1.62828e-005 0
0.0512926 0.00200301 -0.998682 0
-0.0420886 0.0459678 0.091103 1
0 0.214094 0.298464 0.214094 0 0.203377 0.298464 0.203377 0
0.999151 -0.00544501 -0.0408394 0
0.00376397 0.999147 -0.0411268 0
0.0410285 0.0409381 0.998319 0
0.0266251 0.0456834 0.0206145 1
0 0.200269 0.222769 0.200269 0 0.298464 0.222769 0.298464 0
0.999151 -0.00544501 -0.0408394 0
0.00550396 0.999984 0.00133111 0
0.0408315 -0.00155476 0.999165 0
-0.044592 0.042925 0.0169512 1
0 0.200269 0.295318 0.200269 0 0.203377 0.295318 0.203377 0
-0.973877 0.0344676 0.224446 0
-0.035884 -0.999353 -0.00223334 0
0.224224 -0.010229 0.974484 0
-0.0802607 0.0421902 0.0125259 1
0 0.0955901 0.203377 0.0955901 0 0.245654 0.203377 0.245654 0
0.992184 0.0204388 0.123098 0
-0.0179236 0.999608 -0.0215051 0
-0.123489 0.0191306 0.992162 0
-0.013561 0.0418267 0.00979965 1
0 0.107849 0.295318 0.107849 0 0.245654 0.295318 0.245654 0
CHEST
0.998875 0.0380137 -0.028336 0
0.0332509 -0.987685 -0.152882 0
-0.0337986 0.151767 -0.987838 0
-0.014021 -0.0731623 0.0572663 1
0 0.110469 0.272014 0.110469 0 0.257911 0.272014 0.257911 0
HEAD
0.984217 0.174427 -0.029863 0
0.0443371 -0.0796824 0.995834 0
0.171321 -0.981441 -0.0861584 0
0.0318518 0.0398356 0.125236 1
0 0.20545 0.0388792 0.20545 0 0.201678 0.0388792 0.201678 0
L_WRIST
0.116873 0.992382 0.0389659 0
-0.989524 0.113009 0.0898381 0
0.0847502 -0.0490574 0.995194 0
0.0237417 -0.0365565 -0.00704211 1
0 0.0920402 0.107546 0.0920402 0 0.0465682 0.107546 0.0465682 0
R_WRIST
-0.092993 0.935103 -0.341956 0
0.991255 0.119245 0.0565187 0
0.0936275 -0.33371 -0.938015 0
-0.0168611 -0.0362636 -0.00350736 1
0 0.0952982 0.0927548 0.0952982 0 0.0520276 0.0927548 0.0520276 0
L_ANKLE
-0.651357 0.531307 -0.541707 0
-0.249372 -0.824165 -0.508493 0
-0.716622 -0.196124 0.669319 0
0.0163824 -0.00431942 0.0849583 1
0 0.0537355 0.0493073 0.0537355 0 0.0539193 0.0493073 0.0539193 0
R_ANKLE
0.83428 0.14504 0.531921 0
-0.346742 0.888123 0.301675 0
-0.428656 -0.436121 0.791235 0
-0.0202517 -0.00210357 0.086087 1
0 0.052234 0.0381482 0.052234 0 0.0673122 0.0381482 0.0673122 0
LEFT_CLAVICLE
0.133332 0.0452644 -0.12464
1 0 0 0
0 1 0 0
0 0 1 0
0.019278 0.00275216 0.103784 1
RIGHT_CLAVICLE
-0.149474 0.0375017 -0.135771
1 0 0 0
0 1 0 0
0 0 1 0
-0.019278 0.00275216 0.103784 1

POSITIONAL_CONSTRAINTS
L_UPPER_ARM
0.0311923 -0.276129 -0.0463364
0.0156449 -0.161635 0.043649
L_FORE_ARM
0.051645 -0.245878 -0.00828041
R_UPPER_ARM
-0.0265627 -0.279879 -0.0346869
-0.00293561 -0.143649 0.0503358
R_FORE_ARM
-0.0454493 -0.249233 0.00374115
R_UPPER_LEG
-0.0613988 -0.375824 0.0162761
-0.0645401 -0.21439 0.0928847
R_LOWER_LEG
-0.00289943 -0.374759 0.0301385
L_UPPER_LEG
0.0405666 -0.383862 0.0328057
0.063258 -0.222367 0.08567
L_LOWER_LEG
0.00402427 -0.374337 0.0237384