Body_Parts_to_Mocap
7
LEFT_ARM
RIGHT_ARM
LEFT_LEG
RIGHT_LEG
TRUNK
HEAD
COHERENCE
Smoothening_Parameter
0
Marker_CS_Calibration
ROOT
0.995989 0.0320484 0.0835447 0
0.0295767 -0.999092 0.0306566 0
0.0844514 -0.0280626 -0.996032 0
-0.0113621 0.043246 0.0804717 1
0 0.213349 0.261553 0.213349 0 0.244689 0.261553 0.244689 0
0.995989 0.0320484 0.0835447 0
0.0295571 -0.999086 0.0308885 0
0.0844583 -0.0282952 -0.996025 0
0.0256038 0.0444857 0.0857734 1
0 0.213349 0.222736 0.213349 0 0.29803 0.222736 0.29803 0
0.995989 0.0320484 0.0835447 0
0.0335749 -0.999293 -0.0169314 0
0.082943 0.0196685 -0.99636 0
-0.0417444 0.0457583 0.0870246 1
0 0.213349 0.295133 0.213349 0 0.201579 0.295133 0.201579 0
0.999649 -0.0188889 -0.0185724 0
0.018326 0.999381 -0.0300266 0
0.0191281 0.0296757 0.999377 0
0.0304361 0.0457834 0.0187671 1
0 0.202115 0.222736 0.202115 0 0.295133 0.222736 0.295133 0
0.999649 -0.0188889 -0.0185724 0
0.0192734 0.999599 0.0207486 0
0.018173 -0.0210993 0.999612 0
-0.040395 0.0435042 0.0128257 1
0 0.202115 0.29803 0.202115 0 0.201579 0.29803 0.201579 0
-0.974344 0.0805687 0.210149 0
-0.0878694 -0.995802 -0.0256221 0
0.207203 -0.0434304 0.977334 0
-0.0773609 0.0422645 0.00752403 1
0 0.0935468 0.201579 0.0935468 0 0.244689 0.201579 0.244689 0
0.989326 0.0331793 0.14189 0
-0.0291406 0.999111 -0.0304481 0
-0.142774 0.0259884 0.989414 0
-0.0100127 0.0409919 0.00627277 1
0 0.112094 0.29803 0.112094 0 0.244689 0.29803 0.244689 0
CHEST
0.99384 0.109776 -0.015222 0
0.104674 -0.9749 -0.196502 0
-0.0364112 0.193699 -0.980385 0
-0.0034698 -0.0779904 0.056001 1
0 0.0888033 0.274523 0.0888033 0 0.259943 0.274523 0.259943 0
HEAD
0.986545 0.162216 -0.0203873 0
0.0374799 -0.103019 0.993973 0
0.159138 -0.981363 -0.107712 0
0.0375693 0.0322695 0.119207 1
0 0.206139 0.0397437 0.206139 0 0.202571 0.0397437 0.202571 0
L_WRIST
0.144882 0.967773 0.205973 0
-0.980986 0.113328 0.157551 0
0.129131 -0.224883 0.965791 0
0.0225535 -0.047806 -0.0185653 1
0 0.0907634 0.100325 0.0907634 0 0.0475499 0.100325 0.0475499 0
R_WRIST
-0.0958365 0.94592 -0.309919 0
0.99147 0.118344 0.0546106 0
0.0883342 -0.302042 -0.949193 0
-0.0228598 -0.0343533 0.0216883 1
0 0.0961682 0.0956319 0.0961682 0 0.052665 0.0956319 0.052665 0
L_ANKLE
-0.643429 0.494922 -0.583995 0
-0.225249 -0.851521 -0.473471 0
-0.731616 -0.173101 0.659374 0
0.0184853 -0.00583311 0.0878994 1
0 0.0505875 0.0478989 0.0505875 0 0.053094 0.0478989 0.053094 0
R_ANKLE
0.886054 0.213266 0.411614 0
-0.362439 0.872292 0.328246 0
-0.289044 -0.440028 0.850193 0
-0.0290138 -0.00274495 0.0908569 1
0 0.0515714 0.0443064 0.0515714 0 0.0644251 0.0443064 0.0644251 0
LEFT_CLAVICLE
0.160629 0.0367465 -0.100698
1 0 0 0
0 1 0 0
0 0 1 0
0.019278 0.00275216 0.103784 1
RIGHT_CLAVICLE
-0.148314 0.0341545 -0.119909
1 0 0 0
0 1 0 0
0 0 1 0
-0.019278 0.00275216 0.103784 1

POSITIONAL_CONSTRAINTS
L_UPPER_ARM
0.0355531 -0.278024 -0.052726
-0.00122859 -0.176245 0.0436623
L_FORE_ARM
0.0510044 -0.259094 -0.00989146
R_UPPER_ARM
-0.043766 -0.268985 -0.0245009
0.00637528 -0.141188 0.0562328
R_FORE_ARM
-0.0516737 -0.24599 0.0310042
R_UPPER_LEG
-0.0684209 -0.359991 0.0157691
-0.0675205 -0.211795 0.0875288
R_LOWER_LEG
-0.0141979 -0.371823 0.0321644
L_UPPER_LEG
0.0467856 -0.36081 0.0287518
0.0523961 -0.221159 0.0897961
L_LOWER_LEG
-0.00748471 -0.371139 0.0235118