Body_Parts_to_Mocap
7
LEFT_ARM
RIGHT_ARM
LEFT_LEG
RIGHT_LEG
TRUNK
HEAD
COHERENCE
Smoothening_Parameter
0
Marker_CS_Calibration
ROOT
0.99738 0.0332087 0.0642659 0
0.0327974 -0.999434 0.00744516 0
0.0644768 -0.0053179 -0.997905 0
-0.00688697 0.0341782 0.097783 1
0 0.213086 0.268348 0.213086 0 0.249248 0.268348 0.249248 0
0.99738 0.0332087 0.0642659 0
0.0301648 -0.998403 0.0477683 0
0.0657496 -0.0457046 -0.996789 0
0.0354937 0.0325385 0.102993 1
0 0.213086 0.227723 0.213086 0 0.310439 0.227723 0.310439 0
0.99738 0.0332087 0.0642659 0
0.0317825 -0.999228 0.023089 0
0.0649831 -0.0209859 -0.997666 0
-0.0362133 0.0321341 0.102854 1
0 0.213086 0.304643 0.213086 0 0.214137 0.304643 0.214137 0
0.999982 0.00563893 0.00194104 0
-0.00554282 0.998908 -0.0463946 0
-0.00220054 0.046383 0.998921 0
0.0389248 0.0310005 0.0317127 1
0 0.215125 0.227723 0.215125 0 0.304643 0.227723 0.304643 0
0.999982 0.00563893 0.00194104 0
-0.00559521 0.999746 -0.0218396 0
-0.0020637 0.0218283 0.99976 0
-0.0319179 0.0286418 0.027148 1
0 0.215125 0.310439 0.215125 0 0.214137 0.310439 0.214137 0
-0.983064 -0.0685221 0.169972 0
0.073824 -0.996956 0.0250637 0
0.167737 0.0371872 0.98513 0
-0.0742985 0.0302815 0.0219383 1
0 0.0894946 0.214137 0.0894946 0 0.249248 0.214137 0.249248 0
0.991798 -0.038374 0.121919 0
0.0359468 0.99911 0.0220467 0
-0.122656 -0.0174833 0.992295 0
-0.0025916 0.0306859 0.0220775 1
0 0.128193 0.310439 0.128193 0 0.249248 0.310439 0.249248 0
CHEST
0.982441 0.177577 -0.0572383 0
0.164444 -0.969079 -0.183968 0
-0.0881369 0.171325 -0.981264 0
-0.00675282 -0.101359 0.0747429 1
0 0.114478 0.275076 0.114478 0 0.26927 0.275076 0.26927 0
HEAD
0.479573 0.362588 -0.799087 0
0.00699584 0.909029 0.416673 0
0.877474 -0.205415 0.433409 0
0.00500982 0.0808474 0.0707064 1
0 0.185872 0.206315 0.185872 0 0.196641 0.206315 0.196641 0
L_WRIST
0.022484 0.994218 -0.105001 0
0.9695 -0.0473226 -0.240481 0
-0.244059 -0.0963913 -0.964958 0
0.017682 -0.0369733 0.00596638 1
0 0.0877561 0.0903392 0.0877561 0 0.0402597 0.0903392 0.0402597 0
R_WRIST
-0.0256282 0.968134 -0.249119 0
0.998792 0.0352519 0.0342463 0
0.0419369 -0.24794 -0.967867 0
-0.0239624 -0.0252742 0.0134718 1
0 0.081382 0.0820267 0.081382 0 0.0518749 0.0820267 0.0518749 0
L_ANKLE
-0.295489 0.586555 -0.754082 0
-0.226486 -0.809837 -0.541174 0
-0.928111 0.0108781 0.372144 0
0.0205119 0.00331703 0.0967117 1
0 0.0513518 0.0645201 0.0513518 0 0.0561755 0.0645201 0.0561755 0
R_ANKLE
0.895243 0.18809 0.403933 0
-0.369474 0.820068 0.43701 0
-0.249055 -0.540473 0.803655 0
-0.0237064 0.0094151 0.0906404 1
0 0.0421455 0.0481549 0.0421455 0 0.0651192 0.0481549 0.0651192 0
LEFT_CLAVICLE
0.156196 0.0224815 -0.0907819
1 0 0 0
0 1 0 0
0 0 1 0
0.01974 0.00281812 0.106272 1
RIGHT_CLAVICLE
-0.140812 0.0191071 -0.127662
1 0 0 0
0 1 0 0
0 0 1 0
-0.01974 0.00281812 0.106272 1

POSITIONAL_CONSTRAINTS
L_UPPER_ARM
0.0410106 -0.292509 -0.021862
0.00128286 -0.170991 0.0600699
L_FORE_ARM
0.0445458 -0.258893 0.0247712
R_UPPER_ARM
-0.0185337 -0.269085 -0.0288796
0.00922395 -0.140072 0.0559881
R_FORE_ARM
-0.0480868 -0.252973 0.0291497
R_UPPER_LEG
-0.0685024 -0.374385 0.0104469
-0.0617615 -0.240682 0.0969838
R_LOWER_LEG
-0.00784573 -0.395501 0.0664053
-0.00362315 -0.372629 0.0359343
L_UPPER_LEG
0.0606146 -0.384516 0.0156961
0.06334 -0.242542 0.0955672
L_LOWER_LEG
0.0288269 -0.396021 0.0514145
0.00541431 -0.379563 0.0417182