Body_Parts_to_Mocap
7
LEFT_ARM
RIGHT_ARM
LEFT_LEG
RIGHT_LEG
TRUNK
HEAD
COHERENCE
Smoothening_Parameter
0
Marker_CS_Calibration
ROOT
0.997628 0.060434 0.0329536 0
0.0599059 -0.998063 0.0167848 0
0.0339042 -0.0147708 -0.999316 0
-0.00216672 0.0485204 0.0747979 1
0 0.211213 0.265284 0.211213 0 0.254573 0.265284 0.254573 0
0.997628 0.060434 0.0329536 0
0.0597273 -0.997972 0.0220236 0
0.0342178 -0.0200032 -0.999214 0
0.0353047 0.0504759 0.0806098 1
0 0.211213 0.22358 0.211213 0 0.303622 0.22358 0.303622 0
0.997628 0.060434 0.0329536 0
0.0611617 -0.997895 -0.0215406 0
0.0315825 0.023505 -0.999225 0
-0.03572 0.049325 0.0829845 1
0 0.211213 0.302438 0.211213 0 0.209484 0.302438 0.209484 0
0.99931 0.0161937 -0.0334129 0
-0.0169238 0.999622 -0.0216857 0
0.033049 0.0222362 0.999206 0
0.0351674 0.0519745 0.0107981 1
0 0.213221 0.22358 0.213221 0 0.302438 0.22358 0.302438 0
0.99931 0.0161937 -0.0334129 0
-0.0154807 0.999649 0.0214884 0
0.0337491 -0.0209563 0.999211 0
-0.0350699 0.0477196 0.00847806 1
0 0.213221 0.303622 0.213221 0 0.209484 0.303622 0.209484 0
-0.971238 0.023289 0.236971 0
-0.0291829 -0.999345 -0.021394 0
0.236317 -0.0276942 0.971281 0
-0.0725414 0.0457641 0.00266622 1
0 0.103641 0.209484 0.103641 0 0.254573 0.209484 0.254573 0
0.986873 0.0515016 0.153064 0
-0.0501617 0.998662 -0.0126049 0
-0.153509 0.00476141 0.988136 0
-0.00151664 0.0469151 0.000291444 1
0 0.11391 0.303622 0.11391 0 0.254573 0.303622 0.254573 0
CHEST
0.977247 0.191091 -0.0920517 0
0.17092 -0.966451 -0.191724 0
-0.1256 0.171628 -0.977123 0
-0.0145947 -0.0640962 0.0623806 1
0 0.117201 0.267176 0.117201 0 0.260585 0.267176 0.260585 0
HEAD
0.983663 0.174954 -0.0424041 0
0.0668124 -0.136075 0.988443 0
0.167162 -0.975128 -0.145541 0
0.0352231 0.0537829 0.117792 1
0 0.20824 0.0387735 0.20824 0 0.204321 0.0387735 0.204321 0
L_WRIST
0.207776 0.966271 0.152152 0
-0.972995 0.188171 0.13369 0
0.100551 -0.17582 0.979274 0
0.0196311 -0.0440059 -0.0139235 1
0 0.0910977 0.0973679 0.0910977 0 0.0466678 0.0973679 0.0466678 0
R_WRIST
0.00710154 0.913103 -0.407666 0
0.943091 0.129423 0.306315 0
0.332458 -0.386642 -0.860221 0
-0.0187299 -0.0392084 0.0120088 1
0 0.0770523 0.0660159 0.0770523 0 0.042081 0.0660159 0.042081 0
L_ANKLE
-0.256434 0.537263 -0.803487 0
-0.262726 -0.838729 -0.476978 0
-0.93017 0.0887834 0.356232 0
0.0192456 0.00199633 0.0762353 1
0 0.0507083 0.0672583 0.0507083 0 0.05534 0.0672583 0.05534 0
R_ANKLE
0.901173 0.146706 0.407879 0
-0.335047 0.832769 0.440726 0
-0.275012 -0.533829 0.799622 0
-0.0178484 0.00972022 0.0703628 1
0 0.0423799 0.0486228 0.0423799 0 0.0624989 0.0486228 0.0624989 0
LEFT_CLAVICLE
0.144213 0.0609715 -0.11669
1 0 0 0
0 1 0 0
0 0 1 0
0.0194376 0.00277495 0.104644 1
RIGHT_CLAVICLE
-0.144841 0.0527034 -0.134722
1 0 0 0
0 1 0 0
0 0 1 0
-0.0194376 0.00277495 0.104644 1

POSITIONAL_CONSTRAINTS
L_UPPER_ARM
0.0327416 -0.275804 -0.0519151
0.0375657 -0.157828 0.0362389
L_FORE_ARM
0.0523423 -0.25926 -0.00832929
R_UPPER_ARM
-0.0301477 -0.266859 -0.0254997
-0.035275 -0.145456 0.0484974
R_FORE_ARM
-0.0442495 -0.269183 0.0161132
R_UPPER_LEG
-0.0640362 -0.350322 0.000959194
-0.0443897 -0.232659 0.0839376
R_LOWER_LEG
0.0079544 -0.371894 0.0156442
L_UPPER_LEG
0.0614224 -0.353294 -0.00906455
0.0646596 -0.221234 0.0787648
L_LOWER_LEG
0.0105173 -0.372756 0.0169506