Body_Parts_to_Mocap
7
LEFT_ARM
RIGHT_ARM
LEFT_LEG
RIGHT_LEG
TRUNK
HEAD
COHERENCE
Smoothening_Parameter
0
Marker_CS_Calibration
ROOT
0.998772 0.034716 0.0353317 0
0.0337629 -0.999059 0.0272258 0
0.0362436 -0.0259994 -0.999005 0
-0.0128229 0.0451914 0.0808722 1
0 0.2108 0.261144 0.2108 0 0.239447 0.261144 0.239447 0
0.998772 0.034716 0.0353317 0
0.0339801 -0.999197 0.0212217 0
0.0360401 -0.019995 -0.99915 0
0.0232018 0.0469612 0.0852019 1
0 0.2108 0.217795 0.2108 0 0.286972 0.217795 0.286972 0
0.998772 0.034716 0.0353317 0
0.0351713 -0.999305 -0.0123477 0
0.0348785 0.0135753 -0.999299 0
-0.0434228 0.0470057 0.0882279 1
0 0.2108 0.299023 0.2108 0 0.200765 0.299023 0.200765 0
0.99897 -0.000667901 -0.045372 0
-0.000399524 0.999723 -0.0235129 0
0.0453752 0.0235068 0.998693 0
0.0218436 0.0477401 0.0182986 1
0 0.20008 0.217795 0.20008 0 0.299023 0.217795 0.299023 0
0.99897 -0.000667901 -0.045372 0
0.00119616 0.999932 0.0116167 0
0.0453612 -0.011659 0.998903 0
-0.0483369 0.0453007 0.015816 1
0 0.20008 0.286972 0.20008 0 0.200765 0.286972 0.200765 0
-0.970691 0.0575541 0.233339 0
-0.061668 -0.998043 -0.010367 0
0.232286 -0.0244527 0.97234 0
-0.0843616 0.0435309 0.0114863 1
0 0.0945714 0.200765 0.0945714 0 0.239447 0.200765 0.239447 0
0.991676 0.0487179 0.119187 0
-0.0452375 0.998472 -0.031736 0
-0.120551 0.0260801 0.992364 0
-0.017737 0.0434864 0.00846025 1
0 0.108981 0.286972 0.108981 0 0.239447 0.286972 0.239447 0
CHEST
0.997208 0.0733578 0.0139763 0
0.0746754 -0.980892 -0.179649 0
0.000530668 0.180191 -0.983632 0
-0.00394788 -0.077116 0.0586957 1
0 0.0937904 0.271134 0.0937904 0 0.253881 0.271134 0.253881 0
HEAD
0.988701 0.149588 -0.00970797 0
0.0259828 -0.107232 0.993894 0
0.147634 -0.982916 -0.109907 0
0.034474 0.0318778 0.126309 1
0 0.205524 0.0389372 0.205524 0 0.202088 0.0389372 0.202088 0
L_WRIST
0.145553 0.959923 0.239503 0
-0.978787 0.104435 0.176264 0
0.144188 -0.260078 0.954761 0
0.0259019 -0.0414906 0.00325974 1
0 0.0838727 0.0908406 0.0838727 0 0.0465486 0.0908406 0.0465486 0
R_WRIST
-0.0563529 0.931256 -0.359982 0
0.994579 0.0839196 0.061401 0
0.0873895 -0.35457 -0.930937 0
-0.0214846 -0.0302738 0.00401539 1
0 0.0896184 0.0846886 0.0896184 0 0.0525215 0.0846886 0.0525215 0
L_ANKLE
-0.764875 0.527262 -0.370081 0
-0.309707 -0.80474 -0.506434 0
-0.564843 -0.272742 0.778823 0
0.023648 -0.00412203 0.0746769 1
0 0.0561462 0.0455138 0.0561462 0 0.0543572 0.0455138 0.0543572 0
R_ANKLE
0.787671 0.169211 0.592403 0
-0.416424 0.854867 0.309505 0
-0.454054 -0.490479 0.743818 0
-0.0301188 -0.00279314 0.0702783 1
0 0.0536986 0.0406705 0.0536986 0 0.0691662 0.0406705 0.0691662 0
LEFT_CLAVICLE
0.160923 0.0334764 -0.112107
1 0 0 0
0 1 0 0
0 0 1 0
0.019467 0.00277915 0.104802 1
RIGHT_CLAVICLE
-0.13507 0.0368679 -0.139459
1 0 0 0
0 1 0 0
0 0 1 0
-0.019467 0.00277915 0.104802 1

POSITIONAL_CONSTRAINTS
L_UPPER_ARM
0.0338676 -0.286649 -0.0385503
-0.00420562 -0.183309 0.0546393
L_FORE_ARM
0.0536032 -0.26093 0.0132729
R_UPPER_ARM
-0.0230552 -0.284709 -0.0355801
-0.00394943 -0.14628 0.0492478
R_FORE_ARM
-0.0477577 -0.250493 0.0117542
R_UPPER_LEG
-0.0479836 -0.380021 0.0310957
-0.0432007 -0.214792 0.0979468
R_LOWER_LEG
0.00973079 -0.373278 0.0169212
L_UPPER_LEG
0.0301225 -0.378494 0.0352199
0.0635174 -0.214923 0.079879
L_LOWER_LEG
0.000679182 -0.367526 0.0135196