Body_Parts_to_Mocap
7
LEFT_ARM
RIGHT_ARM
LEFT_LEG
RIGHT_LEG
TRUNK
HEAD
COHERENCE
Smoothening_Parameter
0
Marker_CS_Calibration
ROOT
0.996505 0.0377614 0.074516 0
0.0331302 -0.997499 0.0624373 0
0.0766873 -0.0597503 -0.995263 0
-0.00545851 0.0447689 0.107349 1
0 0.211942 0.258571 0.211942 0 0.256218 0.258571 0.256218 0
0.996505 0.0377614 0.074516 0
0.0355688 -0.998901 0.0305361 0
0.0755871 -0.0277789 -0.996752 0
0.0248396 0.0485682 0.114353 1
0 0.211942 0.220644 0.211942 0 0.29447 0.220644 0.29447 0
0.996505 0.0377614 0.074516 0
0.0393247 -0.999034 -0.0196244 0
0.0737029 0.0224862 -0.997027 0
-0.042546 0.0495868 0.115411 1
0 0.211942 0.296571 0.211942 0 0.201843 0.296571 0.201843 0
0.999763 -0.0151127 -0.0156989 0
0.0146295 0.999429 -0.0304536 0
0.0161502 0.0302167 0.999413 0
0.0279988 0.0500124 0.0471616 1
0 0.202205 0.220644 0.202205 0 0.296571 0.220644 0.296571 0
0.999763 -0.0151127 -0.0156989 0
0.0154596 0.999634 0.0222132 0
0.0153575 -0.0224507 0.99963 0
-0.0424016 0.0473447 0.0418973 1
0 0.202205 0.29447 0.202205 0 0.201843 0.29447 0.201843 0
-0.969401 0.12593 0.21072 0
-0.134676 -0.990505 -0.0276224 0
0.20524 -0.0551561 0.977156 0
-0.0726997 0.0435454 0.0348936 1
0 0.114774 0.201843 0.114774 0 0.256218 0.201843 0.256218 0
0.967117 0.121272 0.223556 0
-0.101347 0.989955 -0.098583 0
-0.233265 0.0726846 0.969693 0
-0.00531411 0.0425268 0.0338355 1
0 0.0939848 0.29447 0.0939848 0 0.256218 0.29447 0.256218 0
CHEST
0.995958 0.0871754 -0.0216364 0
0.0817014 -0.979336 -0.185004 0
-0.0373171 0.182488 -0.9825 0
-0.00356194 -0.0764268 0.0859269 1
0 0.0904756 0.269379 0.0904756 0 0.254496 0.269379 0.254496 0
HEAD
0.98951 0.144098 0.0102407 0
-0.00109071 -0.0634344 0.997985 0
0.144457 -0.987528 -0.0626119 0
0.0346693 0.0360664 0.148664 1
0 0.206361 0.039331 0.206361 0 0.202906 0.039331 0.202906 0
L_WRIST
0.130004 0.972888 0.19128 0
-0.979499 0.0960746 0.177063 0
0.153885 -0.210378 0.965433 0
0.0170712 -0.0495628 -0.00068554 1
0 0.0969204 0.103484 0.0969204 0 0.0433462 0.103484 0.0433462 0
R_WRIST
-0.0364408 0.942822 -0.331298 0
0.982071 0.0951428 0.16274 0
0.184955 -0.319428 -0.929385 0
-0.0214711 -0.0358315 0.00863959 1
0 0.0911848 0.0889423 0.0911848 0 0.052772 0.0889423 0.052772 0
L_ANKLE
-0.322172 0.544093 -0.774705 0
-0.274061 -0.836901 -0.473801 0
-0.906143 0.059671 0.418741 0
0.0228195 -0.00673088 0.117328 1
0 0.0479059 0.062978 0.0479059 0 0.0538544 0.062978 0.0538544 0
R_ANKLE
0.851735 0.161666 0.498409 0
-0.379129 0.846727 0.37325 0
-0.361674 -0.506871 0.782479 0
-0.0340774 -0.00234522 0.11247 1
0 0.0469553 0.0417152 0.0469553 0 0.0648068 0.0417152 0.0648068 0
LEFT_CLAVICLE
0.152239 0.0387372 -0.070443
1 0 0 0
0 1 0 0
0 0 1 0
0.019278 0.00275216 0.103784 1
RIGHT_CLAVICLE
-0.146301 0.0379545 -0.0904989
1 0 0 0
0 1 0 0
0 0 1 0
-0.019278 0.00275216 0.103784 1

POSITIONAL_CONSTRAINTS
L_UPPER_ARM
0.0268836 -0.275605 -0.0372786
-0.0131661 -0.177633 0.0618476
L_FORE_ARM
0.0449705 -0.257246 0.0092337
R_UPPER_ARM
-0.0242096 -0.25737 -0.0213359
0.00463854 -0.150739 0.0712587
R_FORE_ARM
-0.0482041 -0.251361 0.0175193
R_UPPER_LEG
-0.0568099 -0.352546 0.0801468
-0.0670382 -0.220685 0.125539
R_LOWER_LEG
-0.00727384 -0.374712 0.0566452
L_UPPER_LEG
0.0411798 -0.354046 0.0782664
0.0539935 -0.214522 0.127982
L_LOWER_LEG
-0.0203787 -0.371228 0.0504853