Body_Parts_to_Mocap
7
LEFT_ARM
RIGHT_ARM
LEFT_LEG
RIGHT_LEG
TRUNK
HEAD
COHERENCE
Smoothening_Parameter
0
Marker_CS_Calibration
ROOT
0.996902 0.0506577 0.0601683 0
0.0483509 -0.998061 0.0391952 0
0.0620372 -0.0361646 -0.997418 0
-0.00518123 0.0403511 0.104611 1
0 0.213081 0.262608 0.213081 0 0.258544 0.262608 0.258544 0
0.996902 0.0506577 0.0601683 0
0.0479102 -0.99778 0.0462611 0
0.0623782 -0.0432351 -0.997116 0
0.0321088 0.0419008 0.111554 1
0 0.213081 0.223765 0.213081 0 0.310023 0.223765 0.310023 0
0.996902 0.0506577 0.0601683 0
0.0503158 -0.998708 0.00718472 0
0.0604545 -0.00413505 -0.998162 0
-0.0388061 0.0412501 0.111263 1
0 0.213081 0.298641 0.213081 0 0.21162 0.298641 0.21162 0
0.999949 0.00917565 0.00410376 0
-0.00898801 0.999008 -0.0436167 0
-0.0044999 0.0435776 0.99904 0
0.0371523 0.0416487 0.0411947 1
0 0.212756 0.223765 0.212756 0 0.298641 0.223765 0.298641 0
0.999949 0.00917565 0.00410376 0
-0.00915825 0.999949 -0.00423891 0
-0.00414245 0.00420111 0.999983 0
-0.0336545 0.0380507 0.0369212 1
0 0.212756 0.310023 0.212756 0 0.21162 0.310023 0.21162 0
-0.980652 0.0262176 0.193993 0
-0.0263913 -0.99965 0.00168957 0
0.19397 -0.00346286 0.981001 0
-0.0709446 0.036501 0.0299784 1
0 0.102865 0.21162 0.102865 0 0.258544 0.21162 0.258544 0
0.982287 0.0408214 0.182884 0
-0.0354185 0.998837 -0.0327132 0
-0.184007 0.0256563 0.98259 0
-2.96002e-005 0.0371517 0.0302695 1
0 0.113887 0.310023 0.113887 0 0.258544 0.310023 0.258544 0
CHEST
0.979076 0.18077 -0.0934474 0
0.166554 -0.975695 -0.142405 0
-0.116919 0.123861 -0.985387 0
-0.0128459 -0.0859982 0.0861937 1
0 0.116971 0.272322 0.116971 0 0.269366 0.272322 0.269366 0
HEAD
0.983516 0.176994 0.0369924 0
-0.0256035 -0.0662032 0.997478 0
0.178997 -0.981983 -0.0605802 0
0.0226587 0.0336015 0.128802 1
0 0.207685 0.0390825 0.207685 0 0.20313 0.0390825 0.20313 0
L_WRIST
0.159407 0.908718 0.385774 0
-0.986474 0.131502 0.097864 0
0.0382008 -0.396156 0.917388 0
0.0204261 -0.0523927 0.00962908 1
0 0.0879024 0.0867136 0.0879024 0 0.0495285 0.0867136 0.0495285 0
R_WRIST
-0.108265 0.966333 -0.233407 0
0.959177 0.163243 0.230936 0
0.261263 -0.198876 -0.944558 0
-0.0240791 -0.0481475 0.00572278 1
0 0.0769114 0.0763063 0.0769114 0 0.0486184 0.0763063 0.0486184 0
L_ANKLE
-0.324281 0.589698 -0.739661 0
-0.284268 -0.806523 -0.518375 0
-0.902238 0.042163 0.429172 0
0.0157125 0.00500773 0.096441 1
0 0.0529621 0.0654403 0.0529621 0 0.0557227 0.0654403 0.0557227 0
R_ANKLE
0.815584 0.264875 0.514455 0
-0.475319 0.813708 0.334591 0
-0.329991 -0.517417 0.789548 0
-0.0205254 0.0104337 0.0916665 1
0 0.0406324 0.0491786 0.0406324 0 0.0640218 0.0491786 0.0640218 0
LEFT_CLAVICLE
0.148074 0.0397367 -0.0833555
1 0 0 0
0 1 0 0
0 0 1 0
0.01911 0.00272818 0.10288 1
RIGHT_CLAVICLE
-0.143873 0.0257687 -0.116452
1 0 0 0
0 1 0 0
0 0 1 0
-0.01911 0.00272818 0.10288 1

POSITIONAL_CONSTRAINTS
L_UPPER_ARM
0.0416316 -0.281687 -0.0285711
-0.00208184 -0.167606 0.0631093
L_FORE_ARM
0.0500164 -0.267757 0.0274302
R_UPPER_ARM
-0.0303102 -0.272101 -0.0262388
-0.00155662 -0.151351 0.0630859
R_FORE_ARM
-0.0545246 -0.270969 0.0210173
R_UPPER_LEG
-0.0639378 -0.370557 0.0138044
-0.0663404 -0.229964 0.102609
R_LOWER_LEG
-0.00767435 -0.374544 0.0379384
L_UPPER_LEG
0.0567725 -0.357389 0.0117712
0.0661224 -0.224691 0.100009
L_LOWER_LEG
-0.00184067 -0.369469 0.0407823