Body_Parts_to_Mocap
7
LEFT_ARM
RIGHT_ARM
LEFT_LEG
RIGHT_LEG
TRUNK
HEAD
COHERENCE
Smoothening_Parameter
0
Marker_CS_Calibration
ROOT
0.983125 0.11638 0.141142 0
0.140455 -0.97454 -0.174767 0
0.117209 0.191642 -0.974441 0
-0.00756996 -0.00819043 0.0865552 1
0 0.226489 0.252851 0.226489 0 0.250986 0.252851 0.250986 0
0.983125 0.11638 0.141142 0
0.135337 -0.981816 -0.133122 0
0.123083 0.149977 -0.980998 0
0.0211849 -0.00839913 0.093339 1
0 0.226489 0.217153 0.226489 0 0.293087 0.217153 0.293087 0
0.983125 0.11638 0.141142 0
0.133922 -0.983465 -0.121907 0
0.124621 0.138752 -0.982455 0
-0.0373788 -0.0166105 0.0885201 1
0 0.226489 0.289631 0.226489 0 0.205345 0.289631 0.205345 0
0.987041 0.138396 0.0812189 0
-0.148341 0.979963 0.132916 0
-0.0611965 -0.143242 0.987794 0
0.0365987 0.00186799 0.0274438 1
0 0.177998 0.217153 0.177998 0 0.289631 0.217153 0.289631 0
0.987041 0.138396 0.0812189 0
-0.147433 0.981946 0.11851 0
-0.0633513 -0.128949 0.989626 0
-0.0376236 -0.00691831 0.0167881 1
0 0.177998 0.293087 0.177998 0 0.205345 0.293087 0.205345 0
-0.960414 -0.271288 0.0633079 0
0.265444 -0.960147 -0.0875092 0
0.084525 -0.0672404 0.99415 0
-0.0663785 -0.00670961 0.0100042 1
0 0.0931126 0.205345 0.0931126 0 0.250986 0.205345 0.250986 0
0.973257 -0.00706365 0.229611 0
-0.0484116 0.970773 0.235068 0
-0.22456 -0.239897 0.944469 0
-0.00781474 0.0015018 0.0148232 1
0 0.0886351 0.293087 0.0886351 0 0.250986 0.293087 0.250986 0
CHEST
0.993737 -0.0872284 -0.0698377 0
-0.10445 -0.947186 -0.303198 0
-0.0397019 0.308593 -0.950365 0
0.00679024 -0.0912604 0.0654146 1
0 0.0851454 0.224887 0.0851454 0 0.221095 0.224887 0.221095 0
HEAD
0.951248 0.299167 0.0750152 0
-0.0912125 0.0405294 0.995006 0
0.294632 -0.95334 0.0658412 0
0.0324563 0.00303947 0.174685 1
0 0.203882 0.0713563 0.203882 0 0.191266 0.0713563 0.191266 0
L_WRIST
0.100722 0.982182 -0.158664 0
-0.9572 0.139156 0.253778 0
0.271335 0.126312 0.954161 0
0.0182835 -0.0144862 0.00470157 1
0 0.11933 0.121034 0.11933 0 0.0440052 0.121034 0.0440052 0
R_WRIST
0.0125692 0.872183 -0.489018 0
0.909104 0.193681 0.368805 0
0.41638 -0.449204 -0.790471 0
-0.011731 -0.0200696 -0.00996207 1
0 0.114923 0.11286 0.114923 0 0.0456977 0.11286 0.0456977 0
L_ANKLE
-0.0733977 0.131041 -0.988656 0
-0.0470643 -0.990681 -0.127815 0
-0.996192 0.037149 0.078881 0
0.014767 -0.0160873 0.0706029 1
0 0.120382 0.141436 0.120382 0 0.0488166 0.141436 0.0488166 0
R_ANKLE
-0.180062 0.0794681 -0.98044 0
0.191301 -0.974871 -0.11415 0
-0.964874 -0.208113 0.160335 0
-0.00751758 -0.015952 0.0640763 1
0 0.147 0.128909 0.147 0 0.048886 0.128909 0.048886 0
LEFT_CLAVICLE
0.122214 0.0371007 -0.0637861
1 0 0 0
0 1 0 0
0 0 1 0
0.01995 0.0028481 0.107402 1
RIGHT_CLAVICLE
-0.13022 0.0380154 -0.0809234
1 0 0 0
0 1 0 0
0 0 1 0
-0.01995 0.0028481 0.107402 1

POSITIONAL_CONSTRAINTS
L_UPPER_ARM
0.0147802 -0.245782 -0.0466002
0.0356237 -0.184335 0.00955043
L_FORE_ARM
0.044749 -0.222417 -0.00935989
R_UPPER_ARM
0.00284384 -0.251796 -0.0565291
-0.0252824 -0.164955 -0.0223136
R_FORE_ARM
-0.0393818 -0.232 -0.021866
R_UPPER_LEG
-0.0505723 -0.423439 0.0178038
-0.0316745 -0.323955 0.0701732
R_LOWER_LEG
-0.0103772 -0.453117 -0.0440831
0.0404446 -0.418118 0.0413305
L_UPPER_LEG
0.0707734 -0.41438 -0.0167622
0.0644934 -0.285024 0.0524017
L_LOWER_LEG
0.0243951 -0.452784 -0.0323013
-0.0139878 -0.410295 0.0419082