Body_Parts_to_Mocap
7
LEFT_ARM
RIGHT_ARM
LEFT_LEG
RIGHT_LEG
TRUNK
HEAD
COHERENCE
Smoothening_Parameter
0
Marker_CS_Calibration
ROOT
0.993939 0.0825889 0.0725624 0
0.0840956 -0.996296 -0.0179554 0
0.0708107 0.0239487 -0.997202 0
-1.25591e-006 -0.0131719 0.0880361 1
0 0.235112 0.266638 0.235112 0 0.257441 0.266638 0.257441 0
0.993939 0.0825889 0.0725624 0
0.0834185 -0.996479 -0.00847208 0
0.0716071 0.0144738 -0.997328 0
0.0343385 -0.0110706 0.0914543 1
0 0.235112 0.232499 0.235112 0 0.313016 0.232499 0.313016 0
0.993939 0.0825889 0.0725624 0
0.0794054 -0.995793 0.0457176 0
0.0760329 -0.0396787 -0.996316 0
-0.0238026 -0.0199622 0.0903548 1
0 0.235112 0.298762 0.235112 0 0.22475 0.298762 0.22475 0
0.988335 0.151147 0.0186903 0
-0.151361 0.988422 0.0106011 0
-0.0168716 -0.0133064 0.999769 0
0.0516123 -0.0130388 0.0185829 1
0 0.176482 0.232499 0.176482 0 0.298762 0.232499 0.298762 0
0.988335 0.151147 0.0186903 0
-0.149733 0.986772 -0.0621448 0
-0.0278361 0.0586213 0.997892 0
-0.0262833 -0.0195113 0.0128961 1
0 0.176482 0.313016 0.176482 0 0.22475 0.313016 0.22475 0
-0.957439 -0.273149 0.0932726 0
0.281493 -0.955092 0.0925224 0
0.0638115 0.11484 0.991332 0
-0.060623 -0.0216126 0.00947794 1
0 0.0745782 0.22475 0.0745782 0 0.257441 0.22475 0.257441 0
0.993243 0.0607769 0.0988681 0
-0.063931 0.997531 0.0290502 0
-0.0968585 -0.0351747 0.994676 0
-0.00248193 -0.012721 0.0105774 1
0 0.10372 0.313016 0.10372 0 0.257441 0.313016 0.257441 0
CHEST
0.995468 -0.0443866 -0.0841001 0
-0.0557566 -0.988851 -0.138076 0
-0.0770338 0.142139 -0.986845 0
0.00416276 -0.0784553 0.0726372 1
0 0.104154 0.268319 0.104154 0 0.258264 0.268319 0.258264 0
HEAD
0.433964 0.399491 0.807516 0
0.0306444 0.88925 -0.456394 0
-0.900409 0.222805 0.37366 0
0.00909164 0.0939558 -0.00670234 1
0 0.243482 0.188002 0.243482 0 0.231019 0.188002 0.231019 0
L_WRIST
0.0127777 0.999608 0.0248933 0
-0.938365 0.00338755 0.345631 0
0.345411 -0.0277754 0.93804 0
0.0136728 -0.0536251 -0.00170086 1
0 0.10589 0.0996624 0.10589 0 0.0505932 0.0996624 0.0505932 0
R_WRIST
-0.03047 0.807699 -0.588808 0
0.999202 0.0398339 0.00293505 0
0.0258252 -0.588248 -0.808268 0
-0.01551 -0.019765 -0.00722729 1
0 0.102913 0.0929046 0.102913 0 0.0510317 0.0929046 0.0510317 0
L_ANKLE
-0.301751 0.237447 -0.923344 0
-0.432667 -0.89712 -0.0893066 0
-0.849556 0.372552 0.373443 0
0.0257094 -0.0353534 0.0603914 1
0 0.143342 0.157068 0.143342 0 0.0784416 0.157068 0.0784416 0
R_ANKLE
-0.188025 0.0791165 -0.978972 0
0.255103 -0.958608 -0.126467 0
-0.948456 -0.273518 0.16006 0
-0.0184048 -0.0309689 0.0524539 1
0 0.179056 0.157064 0.179056 0 0.0575083 0.157064 0.0575083 0
LEFT_CLAVICLE
0.121925 0.058283 -0.0839009
1 0 0 0
0 1 0 0
0 0 1 0
0.0196147 0.00280023 0.105597 1
RIGHT_CLAVICLE
-0.12609 0.047662 -0.0823448
1 0 0 0
0 1 0 0
0 0 1 0
-0.0196147 0.00280023 0.105597 1

POSITIONAL_CONSTRAINTS
L_UPPER_ARM
-0.041939 -0.269939 -0.0348827
0.0439253 -0.19658 0.00969819
L_FORE_ARM
0.0283029 -0.228845 -0.00458798
R_UPPER_ARM
0.0520441 -0.265085 -0.0380014
-0.029956 -0.148454 -0.0375752
R_FORE_ARM
-0.0368531 -0.201502 -0.0206142
R_UPPER_LEG
-0.0537687 -0.436249 0.00222089
-0.0313145 -0.330667 0.0828684
R_LOWER_LEG
-0.0216424 -0.415917 -0.0759137
0.0171273 -0.40077 0.0104803
L_UPPER_LEG
0.0650325 -0.456871 -0.0103104
0.060948 -0.308214 0.0551982
L_LOWER_LEG
0.0216716 -0.422896 -0.0531659
-0.0193403 -0.389956 0.0156696