Body_Parts_to_Mocap
7
LEFT_ARM
RIGHT_ARM
LEFT_LEG
RIGHT_LEG
TRUNK
HEAD
COHERENCE
Smoothening_Parameter
0
Marker_CS_Calibration
ROOT
0.996156 0.0441577 0.075658 0
0.0553847 -0.986612 -0.153392 0
0.0678717 0.156992 -0.985265 0
3.90203e-006 0.0317055 0.0813879 1
0 0.234446 0.249751 0.234446 0 0.243425 0.249751 0.243425 0
0.996156 0.0441577 0.075658 0
0.0511865 -0.99429 -0.0936335 0
0.0710913 0.0971462 -0.992728 0
0.0328506 0.0282894 0.0890136 1
0 0.234446 0.201257 0.234446 0 0.289847 0.201257 0.289847 0
0.996156 0.0441577 0.075658 0
0.0473018 -0.998068 -0.0402812 0
0.0737331 0.0437051 -0.99632 0
-0.0270864 0.021984 0.0862416 1
0 0.234446 0.28204 0.234446 0 0.195904 0.28204 0.195904 0
0.993462 0.104511 0.0459468 0
-0.108532 0.989437 0.0960947 0
-0.0354184 -0.100453 0.994311 0
0.0473814 0.0315441 0.0254329 1
0 0.180995 0.201257 0.180995 0 0.28204 0.201257 0.28204 0
0.993462 0.104511 0.0459468 0
-0.105806 0.994028 0.0267038 0
-0.0428815 -0.0313906 0.998587 0
-0.0304669 0.0280932 0.0195203 1
0 0.180995 0.289847 0.180995 0 0.195904 0.289847 0.195904 0
-0.928126 -0.33306 0.16629 0
0.342395 -0.939071 0.0301798 0
0.146106 0.0849475 0.985615 0
-0.0633137 0.0315093 0.0118946 1
0 0.0875646 0.195904 0.0875646 0 0.243425 0.195904 0.243425 0
0.969133 -0.100791 0.224995 0
0.0512468 0.975037 0.216049 0
-0.241154 -0.19785 0.950105 0
-0.00337658 0.0378147 0.0146666 1
0 0.101679 0.289847 0.101679 0 0.243425 0.289847 0.243425 0
CHEST
0.999399 0.00041912 0.0346744 0
0.0136949 -0.923415 -0.383559 0
0.0318581 0.383804 -0.922865 0
0.00563751 -0.0716241 0.0455468 1
0 0.110005 0.242162 0.110005 0 0.234958 0.242162 0.234958 0
HEAD
-0.368749 0.143532 0.918381 0
0.0376532 -0.984889 0.169045 0
0.928766 0.096915 0.357772 0
-0.00353414 0.0714969 0.0030584 1
0 0.239218 0.184572 0.239218 0 0.242734 0.184572 0.242734 0
L_WRIST
-0.0256065 0.988769 -0.14724 0
-0.965005 0.0140025 0.261857 0
0.260978 0.148792 0.953809 0
0.0191289 -0.0423116 0.00831887 1
0 0.126091 0.140676 0.126091 0 0.0473997 0.140676 0.0473997 0
R_WRIST
0.0577117 0.870845 -0.488159 0
0.96734 0.0721126 0.243007 0
0.246823 -0.48624 -0.838242 0
-0.011243 -0.0284099 -0.010037 1
0 0.147699 0.135215 0.147699 0 0.0701493 0.135215 0.0701493 0
L_ANKLE
0.112073 -0.0449208 -0.992684 0
0.119892 0.992291 -0.0313673 0
0.986441 -0.1155 0.116595 0
0.0255217 -0.0309428 0.0123033 1
0 0.193887 0.18047 0.193887 0 0.0369548 0.18047 0.0369548 0
R_ANKLE
0.0329625 -0.022363 -0.999206 0
-0.131717 0.990932 -0.026523 0
0.990739 0.132487 0.029718 0
-0.0469729 -0.0283351 0.015777 1
0 0.153536 0.172369 0.153536 0 0.0453413 0.172369 0.0453413 0
LEFT_CLAVICLE
0.127708 0.0741444 -0.0853481
1 0 0 0
0 1 0 0
0 0 1 0
0.0191448 0.00273315 0.103068 1
RIGHT_CLAVICLE
-0.0857614 0.0683792 -0.0887288
1 0 0 0
0 1 0 0
0 0 1 0
-0.0191448 0.00273315 0.103068 1

POSITIONAL_CONSTRAINTS
L_UPPER_ARM
-0.0213616 -0.309753 -0.0411475
0.0379391 -0.205415 0.000400976
L_FORE_ARM
0.031038 -0.186551 -0.00958661
R_UPPER_ARM
-0.0105702 -0.282521 -0.0401211
-0.0423801 -0.168871 -0.0288072
R_FORE_ARM
-0.0294291 -0.167775 -0.0258335
R_UPPER_LEG
-0.0542504 -0.441914 0.0260028
-0.0192062 -0.317193 0.083725
R_LOWER_LEG
-0.057969 -0.456419 -0.108451
0.0060669 -0.370674 -0.0353058
L_UPPER_LEG
0.0607538 -0.428177 -0.0218441
0.051704 -0.288298 0.0461034
L_LOWER_LEG
0.0287159 -0.45901 -0.128938
-0.013746 -0.373414 -0.0367933